15 10
1 0 
0 0 0 0 0 0 0 0 0
0 0 0 0 0
0 0 1000
0 0 0 0
0
0 0  0  0  0  0  0  0  0  0  0  0  0  0  0
0 0  0  0  0  0  0  0  0  0  0  0  0  0  0
0 0  0  0  0  0  0  0  0  0  0  0  0  0  0
0 0  0  0  0  0  0  0  0  0  0  0  0  0  0
0 0  0  0  0  0  0  0  0  0  0  0  0  0  0
0 0  0  0  0  0  0  0  0  0  0  0  0  0  0
0 0  0  0  0  0  0  0  0  0  0  0  0  0  0
0 0  0  0  0  0  0  0  0  0  0  0  0  0  0
0 10 11 11 11 11 11 11 11 11 11 11 11 12 0
0 0  0  0  0  0  0  0  0  0  0  0  0  0  0